10 02 00 49 4b 16 /// Quet PLC dia chi 02 --Send
10 00 02 00 02 16  //PLC Response


////////////////////////////////////////////////////
///////////////////////

68 1B 1B 68 02 00 7C 32 01 00 00 00 46 00 0E 00 00 04 01 12 0A 10 02 00 14 00 00 03 00 00 00 4F 16
E5
10 02 00 5c 5e 16 // Send ACK
TYPE PLC

////////////////////////////////////////////////////

  
68 63 63 68 02 00 7C 32 01 00 42 91 51 51 51 3d 00 0c 29 e7 67 c9 08 00 45 00 00 87 08 e4 40 00 80 06 00 00 c0 a8 04 03 c0 a8 04 01 c0 1e 00 50 d3 19 3f 04 00 00 37 77 50 18 fe 45 89 ce 00 00 00 00 1b 00 56 00 00 04 07 12 0a 10 02 00 18 00 00 03 00 00 00 12 0a 10 02 00 2e 00 00 03 00 00 d0 12 0a 10 02 00 02 00 00 03 00 02 70 12 0a 10 02 00 08 00 00 03 00 0e b0 12 0a 10 02 00 01 00 00 03 00 0f 18 12 0a 10 02 00 04 00 00 03 00 10 00 12 0a 10 02 00 17 00 00 05 00 00 28 51 16                                    
 ///////////////////////////////
//////////////////////////////

Stop plc

68 1D 1D 68 02 00 7C 32 01 00 00 00 02 00 10 00 00 29 00 00 00 00 00 09 50 5F 50 52 4F 47 52 41 4D BC 16

START PLC

68 21 21 68 02 00 7C 32 01 00 00 00 01 00 14 00 00 28 00 00 00 00 00 00 FD 00 00 09 50 5F 50 52 4F 47 52 41 4D BB 16
/////////////////////////////////////////////
///////////////////////////////////////////

CLEAR PLC

68 27 27 68 02 00 7c 32 01 00 00 00 6b 00 1a 00 00 28 00 00 00 00 00 00 fd 00 0a 01 00 30 38 30 30 30 30 31 41 05 5f 44 45 4c 45 7e 16                                            
