 40 30 30 46 41 30 38 30 30 30 30 32 30 30 30 30   @00FA08000020000
 30 30 30 30 30 30 46 43 30 30 30 34 30 31 46 46   000000FC000401FF
 46 46 30 34 37 39 2A 0D                           FF0479*.
//Dung PLC (MODE Program)


 40 30 30 46 41 30 38 30 30 30 30 32 30 30 30 30   @00FA08000020000
 30 30 30 30 30 30 46 43 30 30 30 34 30 32 46 46   000000FC000402FF
 46 46 37 45 2A 0D                                 FF7E*.
//Run PLC (MODE RUN)

 40 30 30 46 41 30 38 30 30 30 30 32 30 30 30 30   @00FA08000020000
 30 30 30 30 30 30 46 43 30 30 30 31 30 32 38 32   000000FC00010282
 30 30 43 38 30 30 30 30 30 32 30 34 44 32 30 30   00C800000204D200
 30 30 37 41 2A 0D                                 007A*.

// Ghi 1234 xuong D200


 40 30 30 46 41 30 38 30 30 30 30 32 30 30 30 30   @00FA08000020000
 30 30 30 30 30 30 46 43 30 30 30 31 30 34 37 30   000000FC00010470
 30 30 30 30 30 30 37 30 30 30 36 34 30 30 38 32   0000007000640082
 30 30 43 38 30 30 38 32 30 30 43 39 30 30 37 45   00C8008200C9007E
 2A 0D                                             *.
//READ D200