02 45 36 31 03 41 46//xoa parameter     
02 45 36 30 03 41 45//xoa program                           
02 45 36 33 03 42 31                         
02 45 36 32 03 42 30   
//////////////////////////////
////////////////////////////
Lenh RUN PLC(phai ghi 2 lenh moi RUN PLC)
02 45 37 32 33 30 45 03 35 39
02 45 37 32 34 30 45 03 35 41 
02 45 38 32 35 30 45 03 35 43//lenh nay de Reset STOP 
/////////////////////////////////////
/////////////////////////
Stop PLC 
02 45 37 32 35 30 45 03 35 42                     
                      