//CR
03 00 00 23 1e e0 00 00 00 06 00 c1 02 06 00 c2 0f 53 49 4d 41 54 49 43 2d 52 4f 4f 54 2d 45 53 c0 01 0a

//CPU va ID1 va ID2
03 00 00 f2 02 f0 80 72 01 00 e3 31 00 00 04 ca 00 00 00 01 00 00 01 20 36 00 00 01 1d 00 04 00 00 00 00 00 a1 00 00 00 d3 82 1f 00 00 a3 81 69 00 15 15 53 65 72 76 65 72 53 65 73 73 69 6f 6e 5f 31 43 39 43 33 38 42 a3 82 21 00 15 38 30 2e 30 2e 30 2e 30 3a 30 49 6e 74 65 6c 28 52 29 20 50 52 4f 2f 31 30 30 30 20 4d 54 20 4e 65 74 77 6f 72 6b 20 43 6f 6e 6e 65 63 74 69 6f 6e 2e 54 43 50 49 50 2e 31 a3 82 28 00 15 00 a3 82 29 00 15 00 a3 82 2a 00 15 17 57 49 4e 2d 34 43 31 32 4c 46 30 42 4a 47 36 5f 31 38 35 32 39 34 38 a3 82 2b 00 04 01 a3 82 2c 00 12 01 c9 c3 8b a3 82 2d 00 15 00 a1 00 00 00 d3 81 7f 00 00 a3 81 69 00 15 15 53 75 62 73 63 72 69 70 74 69 6f 6e 43 6f 6e 74 61 69 6e 65 72 a2 a2 00 00 00 00 72 01 00 00

//Tao ket noi
03 00 00 07 02 0f 00

//STOP								ID1
03 00 00 43 02 f0 80 72 02 00 34 31 00 00 04 f2 00 00 00 3f [00 00 03 8a] 34 00 00 00 34 01 90 77 00 08 01 00 00 04 e8 89 69 00 12 00 00 00 00 89 6a 00 13 00 89 6b 00 04 00 00 00 00 00 00 00 72 02 00 00

//RUN								ID1
03 00 00 43 02 f0 80 72 02 00 34 31 00 00 04 f2 00 00 00 44 [00 00 03 8a] 34 00 00 00 34 01 90 77 00 08 03 00 00 04 e8 89 69 00 12 00 00 00 00 89 6a 00 13 00 89 6b 00 04 00 00 00 00 00 00 00 72 02 00 00




